2.6665934065934063
2.5376556776556773
2.4087179487179484
2.281391941391941
2.1508424908424906
2.0243223443223446
1.8953846153846152
1.768058608058608
1.6391208791208791
1.5093772893772892
1.3804395604395603
1.2547252747252746
1.1225641025641024
0.9944322344322344
0.8663003663003663
0.7365567765567765
0.61003663003663
0.48029304029304026
0.35216117216117215
0.2232234432234432
0.09267399267399268
0.0
0.0
0.055604395604395604
0.18615384615384614
0.3142857142857143
0.4432234432234432
0.5721611721611721
0.701098901098901
0.8284249084249083
0.9573626373626373
1.0879120879120878
1.2144322344322342
1.3441758241758242
1.4739194139194138
1.601245421245421
1.73018315018315
1.858315018315018
1.987252747252747
2.116190476190476
2.2435164835164834
2.3708424908424908
2.5030036630036627
2.63032967032967
2.759267399267399
2.8898168498168495
3.017142857142857
3.1452747252747253
3.0719413919413916
2.9430036630036627
2.8124542124542122
2.6875457875457878
2.556996336996337
2.4264468864468864
2.299120879120879
2.1693772893772896
2.0404395604395607
1.913919413919414
1.784981684981685
1.656043956043956
1.5279120879120878
1.4005860805860806
1.2708424908424907
1.1427106227106225
1.0121611721611723
0.8824175824175824
0.7550915750915751
0.6269597069597068
0.4972161172161172
0.36989010989010984
0.24095238095238095
0.11201465201465201
0.0
0.0
0.037875457875457874
0.1676190476190476
0.2957509157509157
0.4263003663003663
0.5536263736263736
0.6825641025641025
0.8106959706959707
0.9396336996336996
1.0677655677655677
1.1975091575091577
1.3248351648351648
1.4529670329670328
1.5835164835164834
1.7116483516483516
1.842197802197802
1.9703296703296704
2.0984615384615384
2.225787545787546
2.3579487179487177
2.4828571428571427
2.6117948717948716
2.73992673992674
2.868058608058608
2.999413919413919
3.1275457875457873
3.0888644688644686
2.9599267399267397
2.8317948717948713
2.702051282051282
2.574725274725275
2.4465934065934065
2.316849816849817
2.187912087912088
2.0613919413919413
1.9332600732600733
1.8019047619047617
1.6745787545787545
1.5456410256410256
1.4175091575091574
1.2885714285714285
1.1588278388278388
1.0315018315018316
0.9025641025641026
0.7736263736263737
0.6454945054945054
0.5165567765567765
0.3876190476190476
0.25868131868131866
0.12974358974358974
0.007252747252747252
0.0
0.020146520146520148
0.14908424908424908
0.27802197802197803
0.40534798534798533
0.535091575091575
0.6640293040293039
0.7945787545787545
0.9082051282051282
1.0508424908424907
1.1781684981684981
1.307106227106227
1.435238095238095
1.564175824175824
1.6923076923076923
1.8212454212454212
1.9501831501831501
2.0775091575091573
2.208058608058608
2.3378021978021977
2.464322344322344
2.594065934065934
2.722197802197802
2.851135531135531
2.98007326007326
3.1082051282051277
3.1082051282051277
2.98007326007326
2.851135531135531
2.718168498168498
2.592454212454212
2.464322344322344
2.3345787545787546
2.2064468864468862
2.07992673992674
1.950989010989011
1.822051282051282
1.6947252747252746
1.5649816849816849
1.436043956043956
1.3054945054945055
1.1781684981684981
1.0645421245421245
0.9194871794871794
0.7913553113553113
0.6640293040293039
0.5342857142857143
0.40695970695970696
0.2788278388278388
0.14908424908424908
0.020146520146520148
0.0
0.0016117216117216117
0.13054945054945055
0.26029304029304023
0.3884249084249084
0.5173626373626373
0.6479120879120879
0.7744322344322344
0.9049816849816849
1.0306959706959706
1.1604395604395605
1.2893772893772895
1.4183150183150184
1.5456410256410256
1.6761904761904762
1.8019047619047617
1.9316483516483516
2.0605860805860807
2.1895238095238096
2.3176556776556776
2.445787545787546
2.574725274725275
2.705274725274725
2.834212454212454
2.9615384615384617
3.0896703296703296
3.1267399267399267
2.997802197802198
2.868864468864469
2.73992673992674
2.6117948717948716
2.482051282051282
2.3547252747252747
2.2241758241758243
2.096849816849817
1.9679120879120877
1.8389743589743588
1.7108424908424908
1.581098901098901
1.4545787545787545
1.3256410256410256
1.1975091575091577
1.0685714285714285
0.938021978021978
0.809084249084249
0.6817582417582417
0.552014652014652
0.4238827838827839
0.2949450549450549
0.1676190476190476
0.038681318681318674
0.0
0.0
0.11120879120879121
0.24336996336996336
0.3706959706959707
0.49882783882783877
0.6293772893772893
0.7567032967032966
0.8864468864468864
1.0137728937728936
1.1410989010989012
1.27003663003663
1.3989743589743588
1.5279120879120878
1.6568498168498167
1.784175824175824
1.9155311355311353
2.0436630036630037
2.1717948717948716
2.2983150183150185
2.4272527472527474
2.556996336996337
2.685934065934066
2.8140659340659337
2.9430036630036627
3.0719413919413916
3.1452747252747253
3.0155311355311354
2.886593406593406
2.757655677655677
2.6295238095238096
2.5005860805860807
2.3724542124542123
2.2435164835164834
2.116190476190476
1.987252747252747
1.8567032967032966
1.7285714285714286
1.601245421245421
1.472307692307692
1.3433699633699632
1.2152380952380952
1.0863003663003663
0.9573626373626373
0.8300366300366301
0.701098901098901
0.5729670329670329
0.44080586080586076
0.3134798534798534
0.1845421245421245
0.055604395604395604
0.0
0.0
0.09347985347985346
0.2216117216117216
0.35216117216117215
0.48029304029304026
0.6092307692307691
0.7397802197802197
0.8679120879120878
0.996043956043956
1.1241758241758242
1.253113553113553
1.382051282051282
1.5101831501831502
1.6375091575091574
1.7664468864468863
1.8905494505494504
2.023516483516483
2.1532600732600735
2.281391941391941
2.4111355311355314
2.5392673992673993
2.6673992673992672
2.795531135531135
2.9268864468864466
3.053406593406593
3.163809523809524
3.0348717948717945
2.9027106227106225
2.775384615384615
2.6480586080586077
2.519120879120879
2.3893772893772893
2.261245421245421
2.133113553113553
2.004175824175824
1.8768498168498169
1.7454945054945052
1.618168498168498
1.49003663003663
1.361098901098901
1.232161172161172
1.104029304029304
0.9742857142857142
0.8461538461538461
0.7188278388278388
0.5898901098901098
0.46014652014652013
0.33201465201465197
0.20388278388278389
0.07333333333333333
0.0
0.0
0.07575091575091575
0.20388278388278389
0.3336263736263736
0.4625641025641025
0.5931135531135531
0.7123809523809523
0.8485714285714285
0.9767032967032967
1.1072527472527471
1.2345787545787545
1.3627106227106225
1.4932600732600732
1.6205860805860803
1.7487179487179487
1.8695970695970696
2.004981684981685
2.1347252747252745
2.262051282051282
2.3909890109890113
2.5199267399267398
2.6488644688644687
2.7786080586080586
2.9075457875457875
3.037289377289377
3.1646153846153844
3.0526007326007325
2.9228571428571426
2.7939194139194137
2.6665934065934063
2.536849816849817
2.407912087912088
2.278974358974359
2.152454212454212
2.0227106227106226
1.8937728937728937
1.7648351648351648
1.5956043956043957
1.5093772893772892
1.3796336996336995
1.2515018315018314
1.120952380952381
0.9928205128205128
0.8646886446886446
0.7365567765567765
0.6076190476190476
0.4778754578754578
0.3505494505494505
0.2208058608058608
0.09186813186813186
0.0
0.0
0.05802197802197802
0.18776556776556777
0.3175091575091575
0.444029304029304
0.5737728937728938
0.7027106227106227
0.8308424908424907
0.9597802197802198
1.087106227106227
1.2144322344322342
1.3441758241758242
1.4755311355311354
1.6036630036630037
1.730989010989011
1.8623443223443221
1.988058608058608
2.116996336996337
2.245128205128205
2.3732600732600733
2.5030036630036627
2.631135531135531
2.76007326007326
2.8898168498168495
3.0187545787545784
3.1476923076923073
3.069523809523809
2.942197802197802
2.813260073260073
2.6835164835164833
2.556190476190476
2.4264468864468864
2.2983150183150185
2.1693772893772896
2.0396336996336997
1.9123076923076923
1.7817582417582416
1.656043956043956
1.5263003663003663
1.398168498168498
1.2692307692307692
1.1410989010989012
1.0121611721611723
0.8832234432234431
0.7534798534798535
0.6253479853479853
0.4964102564102564
0.36747252747252745
0.23853479853479853
0.10959706959706958
0.0
0.0
0.038681318681318674
0.1684249084249084
0.2957509157509157
0.42468864468864465
0.5560439560439561
0.6833699633699633
0.8139194139194139
0.9412454212454212
1.07018315018315
1.1983150183150182
1.3272527472527471
1.4553846153846153
1.5835164835164834
1.7116483516483516
1.8413919413919413
1.9703296703296704
2.10007326007326
2.2273992673992673
2.3563369963369962
2.484468864468864
2.6134065934065935
2.741538461538461
2.87047619047619
3.001025641025641
3.1275457875457873
3.0864468864468866
2.958315018315018
2.83018315018315
2.703663003663004
2.5739194139194135
2.444175824175824
2.3160439560439556
2.187912087912088
2.0597802197802197
1.9308424908424906
1.8019047619047617
1.6721611721611722
1.5432234432234433
1.415091575091575
1.286153846153846
1.1580219780219778
1.029084249084249
0.9017582417582417
0.7720146520146519
0.6438827838827839
0.5149450549450549
0.3876190476190476
0.2562637362637362
0.12732600732600732
0.0
0.0
0.021758241758241755
0.14989010989010987
0.2788278388278388
0.40776556776556777
0.5375091575091575
0.6656410256410256
0.7945787545787545
0.9219047619047619
1.0532600732600732
1.1805860805860806
1.3095238095238095
1.4376556776556777
1.5657875457875456
1.6947252747252746
1.8228571428571427
1.950989010989011
2.07992673992674
2.208058608058608
2.336996336996337
2.4667399267399266
2.594871794871795
2.7246153846153844
2.852747252747253
2.9824908424908423
3.1098168498168497
3.107399267399267
2.9784615384615383
2.8495238095238093
2.71978021978022
2.590842490842491
2.4627106227106226
2.3345787545787546
2.2056410256410257
2.0775091575091573
1.9485714285714284
1.8196336996336995
1.6915018315018315
1.5633699633699634
1.435238095238095
1.306300366300366
1.1765567765567766
1.0468131868131867
0.9186813186813186
0.7905494505494505
0.6616117216117215
0.5326739926739926
0.4045421245421245
0.2772161172161172
0.14666666666666667
0.018534798534798533
0.0
0.0032234432234432234
0.13216117216117215
0.2610989010989011
0.3892307692307692
0.5181684981684982
0.647106227106227
0.7768498168498168
0.9049816849816849
1.033113553113553
1.1612454212454213
1.2893772893772895
1.41992673992674
1.5488644688644688
1.6761904761904762
1.8067399267399267
1.9324542124542123
2.062197802197802
2.1911355311355307
2.3184615384615386
2.4473992673992675
2.5755311355311354
2.7044688644688644
2.834212454212454
2.9631501831501827
3.0920879120879117
3.124322344322344
2.9961904761904763
2.8672527472527474
2.7383150183150184
2.61018315018315
2.4828571428571427
2.352307692307692
2.2241758241758243
2.096849816849817
1.9663003663003662
1.8365567765567765
1.709230769230769
1.581098901098901
1.4529670329670328
1.3240293040293039
1.1967032967032967
1.066959706959707
0.938021978021978
0.8098901098901099
0.6817582417582417
0.5512087912087912
0.42146520146520144
0.29333333333333333
0.1652014652014652
0.03706959706959707
0.0
0.0
0.11684981684981685
0.24175824175824176
0.3537728937728937
0.49882783882783877
0.6301831501831502
0.7583150183150182
0.8872527472527472
1.0145787545787546
1.1435164835164835
1.2724542124542124
1.4005860805860806
1.5279120879120878
1.6576556776556775
1.7857875457875456
1.9147252747252745
2.045274725274725
2.1734065934065936
2.3023443223443225
2.4304761904761905
2.5594139194139194
2.685934065934066
2.8156776556776553
2.944615384615384
3.073553113553113
3.1444688644688643
3.0147252747252744
2.884981684981685
2.757655677655677
2.6279120879120876
2.4997802197802192
2.3716483516483517
2.242710622710623
2.113772893772894
1.9848351648351648
1.8567032967032966
1.726959706959707
1.5996336996336997
1.4715018315018313
1.3417582417582417
1.2128205128205127
1.0846886446886448
0.9557509157509156
0.8284249084249083
0.7035164835164834
0.5697435897435897
0.44080586080586076
0.31267399267399265
0.1845421245421245
0.05238095238095238
0.0
0.0
0.09509157509157509
0.2232234432234432
0.35135531135531134
0.4819047619047619
0.61003663003663
0.7389743589743589
0.8687179487179486
0.996043956043956
1.1265934065934065
1.2555311355311354
1.3828571428571428
1.5126007326007325
1.6399267399267399
1.768058608058608
1.896996336996337
2.025128205128205
2.154065934065934
2.2821978021978024
2.41032967032967
2.5416849816849814
2.6690109890109888
2.7979487179487177
2.926080586080586
3.0558241758241755
3.162197802197802
3.033260073260073
2.904322344322344
2.775384615384615
2.647252747252747
2.5183150183150182
2.387765567765568
2.2604395604395604
2.125054945054945
2.0017582417582416
1.8744322344322342
1.7446886446886447
1.6173626373626373
1.4892307692307691
1.361098901098901
1.2345787545787545
1.104029304029304
0.9734798534798534
0.8453479853479853
0.7156043956043955
0.5882783882783883
0.4585347985347985
0.3304029304029304
0.20227106227106226
0.07333333333333333
0.0
0.0
0.07575091575091575
0.20549450549450549
0.33604395604395604
0.4633699633699634
0.5923076923076923
0.722051282051282
0.8501831501831502
0.9783150183150183
1.1064468864468864
1.2345787545787545
1.3635164835164835
1.4924542124542124
1.6213919413919413
1.7503296703296702
1.8792673992673992
2.007399267399267
2.136336996336996
2.2644688644688644
2.3934065934065933
2.5215384615384613
2.6488644688644687
2.78021978021978
2.909157509157509
3.037289377289377
3.166227106227106
3.05018315018315
2.921245421245421
2.7939194139194137
2.691575091575092
2.536043956043956
2.4087179487179484
2.278974358974359
2.15003663003663
2.0227106227106226
1.892967032967033
1.7624175824175823
1.635091575091575
1.5077655677655677
1.3788278388278385
1.2498901098901096
1.120952380952381
0.9928205128205128
0.0
0.0
0.0
0.0
0.0
0.0
0.0
0.0
0.0
0.0
0.0
0.0
0.0
0.0
0.0
0.0
0.0
0.0
0.0
0.0
0.0
0.0
0.0
0.0
0.0
0.0
0.0
0.0
0.0
0.0
0.0
0.0
0.0
0.0
0.0
0.0
0.0
0.0
0.0
0.0
0.0
0.0
0.0
0.0
0.0
0.0
0.0
0.0
0.0
0.0
0.0
0.0
0.0
0.0
0.0
0.0
0.0
0.0
0.0
0.0
0.0
0.0
0.0
0.0
0.0
0.0
0.0
0.0
0.0
0.0
0.0
0.0
0.0
0.0
0.0
0.0
0.0
0.0
0.0
0.0
0.0
0.0
0.0
0.0
0.0
0.0
0.0
0.0
0.0
0.0
0.0
0.0
0.0
0.0
0.0
0.0
0.0
0.0
0.0
0.0
0.0
0.0
0.0
0.0
0.0
0.0
0.0
0.0
0.0
0.0
0.0
0.0
0.0
0.0
0.0
0.0
0.0
0.0
0.0
0.0
0.0
0.0
0.0
0.0
0.0
0.0
0.0
0.0
0.0
0.0
0.0
0.0
0.0
0.0
0.0
0.0
0.0
0.0
0.0
0.0
0.0
0.0
0.0
0.0
0.0
0.0
0.0
0.0
0.0
0.0
0.0
0.0
0.0
0.0
0.0
0.0
0.0
0.0
0.0
0.0
0.0
0.0
0.0
0.0
0.0
0.0
0.0
0.0
0.0
0.0
0.0
0.0
0.0
0.0
0.0
0.0
0.0
0.0
0.0
0.0
0.0
0.0
0.0
0.0
0.0
0.0
0.0
0.0
0.0
0.0
0.0
0.0
0.0
0.0
0.0
0.0
0.0
0.0
0.0
0.0
0.0
0.0
0.0
0.0
0.0
0.0
0.0
0.0
0.0
0.0
0.0
0.0
0.0
0.0
0.0
0.0
0.0
0.0
0.0
0.0
0.0
0.0
0.0
0.0
0.0
0.0
0.0
0.0
0.0
0.0
0.0
0.0
0.0
0.0
0.0
0.0
0.0
0.0
0.0
0.0
0.0
0.0
0.0
0.0
0.0
0.0
0.0
0.0
0.0
0.0
0.0
0.0
0.0
0.0
0.0
0.0
0.0
0.0
0.0
0.0
0.0
0.0
0.0
0.0
0.0
0.0
0.0
0.0
0.0
0.0
0.0
0.0
0.0
0.0
0.0
0.0
0.0
0.0
0.0
0.0
0.0
0.0
0.0
0.0
0.0
0.0
0.0
0.0
0.0
0.0
0.0
0.0
0.0
0.0
